a <- 12
b <- 26
a+b

